-60,10000,14300,0.337422030883741
-61,10000,14300,0.32112777111625
-62,10000,14300,0.301963365789765
-63,10000,14300,0.279009464519192
-64,10000,14300,0.251236168075012
-65,10000,14300,0.217030284491006
-66,10000,14300,0.173495921077606
-67,10000,14300,0.115897145880902
-68,10000,14300,0.0372581129732514
-69,10000,14300,-0.0715362646341956
-70,10000,14300,-0.222925122968127
-71,10000,14300,-0.425739008723716
-72,10000,14300,-0.691012207077795
-73,10000,14300,-1.02830372577297
-74,10000,14300,-1.44657766028115
-75,10000,14300,-1.95433470409021
-60,1258925.41179417,1800263.33886566,1.53927478549165
-61,1258925.41179417,1800263.33886566,1.39803612859209
-62,1258925.41179417,1800263.33886566,1.24419620056256
-63,1258925.41179417,1800263.33886566,1.07545560205544
-64,1258925.41179417,1800263.33886566,0.889043212110721
-65,1258925.41179417,1800263.33886566,0.681507424025192
-66,1258925.41179417,1800263.33886566,0.448524168946198
-67,1258925.41179417,1800263.33886566,0.184704134747207
-68,1258925.41179417,1800263.33886566,-0.122102087296395
-69,1258925.41179417,1800263.33886566,-0.460146244663612
-70,1258925.41179417,1800263.33886566,-0.856840418019593
-71,1258925.41179417,1800263.33886566,-1.31594840037733
-72,1258925.41179417,1800263.33886566,-1.84698852339212
-73,1258925.41179417,1800263.33886566,-2.4599792406509
-74,1258925.41179417,1800263.33886566,-3.16511707817431
-75,1258925.41179417,1800263.33886566,-3.97286446670539
-60,158489.319246111,226639.726521939,0.660992946744644
-61,158489.319246111,226639.726521939,0.590540512903338
-62,158489.319246111,226639.726521939,0.508908441869515
-63,158489.319246111,226639.726521939,0.421380389228256
-64,158489.319246111,226639.726521939,0.319530498268241
-65,158489.319246111,226639.726521939,0.200147791589348
-66,158489.319246111,226639.726521939,0.0587386477714138
-67,158489.319246111,226639.726521939,-0.11073729006438
-68,158489.319246111,226639.726521939,-0.315805977113756
-69,158489.319246111,226639.726521939,-0.565591629846003
-70,158489.319246111,226639.726521939,-0.87045433090237
-71,158489.319246111,226639.726521939,-1.2403024035049
-72,158489.319246111,226639.726521939,-1.68448694131237
-73,158489.319246111,226639.726521939,-2.21353410708557
-74,158489.319246111,226639.726521939,-2.83668117721609
-75,158489.319246111,226639.726521939,-3.56278535031366
-60,19952.6231496888,28532.251104055,0.370699335619996
-61,19952.6231496888,28532.251104055,0.344035052420119
-62,19952.6231496888,28532.251104055,0.312710280216702
-63,19952.6231496888,28532.251104055,0.275549268696522
-64,19952.6231496888,28532.251104055,0.2309020239181
-65,19952.6231496888,28532.251104055,0.17615281932763
-66,19952.6231496888,28532.251104055,0.10721551991509
-67,19952.6231496888,28532.251104055,0.0182690332789339
-68,19952.6231496888,28532.251104055,-0.0981386522636886
-69,19952.6231496888,28532.251104055,-0.252051060334549
-70,19952.6231496888,28532.251104055,-0.455816721410026
-71,19952.6231496888,28532.251104055,-0.716050579125932
-72,19952.6231496888,28532.251104055,-1.0441010891208
-73,19952.6231496888,28532.251104055,-1.44921045155822
-74,19952.6231496888,28532.251104055,-1.94023624596041
-75,19952.6231496888,28532.251104055,-2.52587353699047
-60,316227.766016838,452205.705404078,0.860363792957391
-61,316227.766016838,452205.705404078,0.770632330990118
-62,316227.766016838,452205.705404078,0.66230765593391
-63,316227.766016838,452205.705404078,0.554882066545107
-64,316227.766016838,452205.705404078,0.431194593609792
-65,316227.766016838,452205.705404078,0.287748857989956
-66,316227.766016838,452205.705404078,0.120380616948305
-67,316227.766016838,452205.705404078,-0.0764671990560563
-68,316227.766016838,452205.705404078,-0.309868850972423
-69,316227.766016838,452205.705404078,-0.58826774504804
-70,316227.766016838,452205.705404078,-0.921025459114548
-71,316227.766016838,452205.705404078,-1.31820767705811
-72,316227.766016838,452205.705404078,-1.79023389332343
-73,316227.766016838,452205.705404078,-2.34716398524197
-74,316227.766016838,452205.705404078,-2.99872656255948
-75,316227.766016838,452205.705404078,-3.75422377810654
-60,39810.7170553497,56929.3253891501,0.42760541236792
-61,39810.7170553497,56929.3253891501,0.389264143662399
-62,39810.7170553497,56929.3253891501,0.344540690258145
-63,39810.7170553497,56929.3253891501,0.291939879061396
-64,39810.7170553497,56929.3253891501,0.229390812603211
-65,39810.7170553497,56929.3253891501,0.153764106439163
-66,39810.7170553497,56929.3253891501,0.0604668890238941
-67,39810.7170553497,56929.3253891501,-0.0566553689467096
-68,39810.7170553497,56929.3253891501,-0.205204780689319
-69,39810.7170553497,56929.3253891501,-0.395778015827955
-70,39810.7170553497,56929.3253891501,-0.639947028056715
-71,39810.7170553497,56929.3253891501,-0.944233907513263
-72,39810.7170553497,56929.3253891501,-1.32010023855754
-73,39810.7170553497,56929.3253891501,-1.7768187290563
-74,39810.7170553497,56929.3253891501,-2.32324977232854
-75,39810.7170553497,56929.3253891501,-2.96806216248464
-60,630957.344480193,902269.002606676,1.14347400120704
-61,630957.344480193,902269.002606676,1.03038628085349
-62,630957.344480193,902269.002606676,0.906176103717559
-63,630957.344480193,902269.002606676,0.75864497916379
-64,630957.344480193,902269.002606676,0.614647809287961
-65,630957.344480193,902269.002606676,0.434104013625299
-66,630957.344480193,902269.002606676,0.239361579361967
-67,630957.344480193,902269.002606676,0.0133700448555591
-68,630957.344480193,902269.002606676,-0.250027717481787
-69,630957.344480193,902269.002606676,-0.558529423766563
-70,630957.344480193,902269.002606676,-0.921112185588908
-71,630957.344480193,902269.002606676,-1.34731382090284
-72,630957.344480193,902269.002606676,-1.84722387930479
-73,630957.344480193,902269.002606676,-2.43108855819185
-74,630957.344480193,902269.002606676,-3.10892884399463
-75,630957.344480193,902269.002606676,-3.89026668128534
-60,79432.8234724282,113588.937565572,0.522993581388837
-61,79432.8234724282,113588.937565572,0.466101176978462
-62,79432.8234724282,113588.937565572,0.406654290580524
-63,79432.8234724282,113588.937565572,0.337337152551896
-64,79432.8234724282,113588.937565572,0.25586635984874
-65,79432.8234724282,113588.937565572,0.158966868906388
-66,79432.8234724282,113588.937565572,0.0419347205842825
-67,79432.8234724282,113588.937565572,-0.101443218737205
-68,79432.8234724282,113588.937565572,-0.278801166678147
-69,79432.8234724282,113588.937565572,-0.500251446597273
-70,79432.8234724282,113588.937565572,-0.777081589323446
-71,79432.8234724282,113588.937565572,-1.11569740211414
-72,79432.8234724282,113588.937565572,-1.53001043454973
-73,79432.8234724282,113588.937565572,-2.02659305087817
-74,79432.8234724282,113588.937565572,-2.61583873194262
-75,79432.8234724282,113588.937565572,-3.30642935454724
